{
 "cells": [
  {
   "cell_type": "code",
   "execution_count": 2,
   "id": "f5315b8f",
   "metadata": {},
   "outputs": [],
   "source": [
    "import pandas as pd\n",
    "import matplotlib.pyplot as plt\n",
    "import seaborn as sns\n",
    "import numpy as np\n",
    "\n",
    "from re import sub\n",
    "from decimal import Decimal"
   ]
  },
  {
   "cell_type": "code",
   "execution_count": 3,
   "id": "a5329b59",
   "metadata": {},
   "outputs": [],
   "source": [
    "path =r\"E:\\Technocolabs\\Datasets of Stocks Market and Stock News Articles\\Datasets of Stocks Market and Stock News Articles\\NASDAQ Datasets\\Nasdaq Stocks\\HistoricalData_APPLE.csv\"\n",
    "df = pd.read_csv(path)"
   ]
  },
  {
   "cell_type": "code",
   "execution_count": 4,
   "id": "04b261a4",
   "metadata": {
    "scrolled": true
   },
   "outputs": [
    {
     "data": {
      "text/html": [
       "<div>\n",
       "<style scoped>\n",
       "    .dataframe tbody tr th:only-of-type {\n",
       "        vertical-align: middle;\n",
       "    }\n",
       "\n",
       "    .dataframe tbody tr th {\n",
       "        vertical-align: top;\n",
       "    }\n",
       "\n",
       "    .dataframe thead th {\n",
       "        text-align: right;\n",
       "    }\n",
       "</style>\n",
       "<table border=\"1\" class=\"dataframe\">\n",
       "  <thead>\n",
       "    <tr style=\"text-align: right;\">\n",
       "      <th></th>\n",
       "      <th>Date</th>\n",
       "      <th>Close/Last</th>\n",
       "      <th>Volume</th>\n",
       "      <th>Open</th>\n",
       "      <th>High</th>\n",
       "      <th>Low</th>\n",
       "    </tr>\n",
       "  </thead>\n",
       "  <tbody>\n",
       "    <tr>\n",
       "      <th>0</th>\n",
       "      <td>06/09/2021</td>\n",
       "      <td>$127.13</td>\n",
       "      <td>56877940</td>\n",
       "      <td>$127.21</td>\n",
       "      <td>$127.75</td>\n",
       "      <td>$126.52</td>\n",
       "    </tr>\n",
       "    <tr>\n",
       "      <th>1</th>\n",
       "      <td>06/08/2021</td>\n",
       "      <td>$126.74</td>\n",
       "      <td>74403770</td>\n",
       "      <td>$126.6</td>\n",
       "      <td>$128.46</td>\n",
       "      <td>$126.2101</td>\n",
       "    </tr>\n",
       "    <tr>\n",
       "      <th>2</th>\n",
       "      <td>06/07/2021</td>\n",
       "      <td>$125.9</td>\n",
       "      <td>71057550</td>\n",
       "      <td>$126.17</td>\n",
       "      <td>$126.32</td>\n",
       "      <td>$124.8321</td>\n",
       "    </tr>\n",
       "    <tr>\n",
       "      <th>3</th>\n",
       "      <td>06/04/2021</td>\n",
       "      <td>$125.89</td>\n",
       "      <td>75169340</td>\n",
       "      <td>$124.07</td>\n",
       "      <td>$126.16</td>\n",
       "      <td>$123.85</td>\n",
       "    </tr>\n",
       "    <tr>\n",
       "      <th>4</th>\n",
       "      <td>06/03/2021</td>\n",
       "      <td>$123.54</td>\n",
       "      <td>76229170</td>\n",
       "      <td>$124.68</td>\n",
       "      <td>$124.85</td>\n",
       "      <td>$123.13</td>\n",
       "    </tr>\n",
       "    <tr>\n",
       "      <th>...</th>\n",
       "      <td>...</td>\n",
       "      <td>...</td>\n",
       "      <td>...</td>\n",
       "      <td>...</td>\n",
       "      <td>...</td>\n",
       "      <td>...</td>\n",
       "    </tr>\n",
       "    <tr>\n",
       "      <th>2511</th>\n",
       "      <td>06/16/2011</td>\n",
       "      <td>$11.6129</td>\n",
       "      <td>507299317</td>\n",
       "      <td>$11.675</td>\n",
       "      <td>$11.7386</td>\n",
       "      <td>$11.3689</td>\n",
       "    </tr>\n",
       "    <tr>\n",
       "      <th>2512</th>\n",
       "      <td>06/15/2011</td>\n",
       "      <td>$11.6696</td>\n",
       "      <td>395841722</td>\n",
       "      <td>$11.7768</td>\n",
       "      <td>$11.7964</td>\n",
       "      <td>$11.6029</td>\n",
       "    </tr>\n",
       "    <tr>\n",
       "      <th>2513</th>\n",
       "      <td>06/14/2011</td>\n",
       "      <td>$11.8729</td>\n",
       "      <td>333995906</td>\n",
       "      <td>$11.7857</td>\n",
       "      <td>$11.9018</td>\n",
       "      <td>$11.7611</td>\n",
       "    </tr>\n",
       "    <tr>\n",
       "      <th>2514</th>\n",
       "      <td>06/13/2011</td>\n",
       "      <td>$11.6643</td>\n",
       "      <td>329376468</td>\n",
       "      <td>$11.6857</td>\n",
       "      <td>$11.7254</td>\n",
       "      <td>$11.6096</td>\n",
       "    </tr>\n",
       "    <tr>\n",
       "      <th>2515</th>\n",
       "      <td>06/10/2011</td>\n",
       "      <td>$11.6393</td>\n",
       "      <td>433801306</td>\n",
       "      <td>$11.8054</td>\n",
       "      <td>$11.845</td>\n",
       "      <td>$11.6254</td>\n",
       "    </tr>\n",
       "  </tbody>\n",
       "</table>\n",
       "<p>2516 rows × 6 columns</p>\n",
       "</div>"
      ],
      "text/plain": [
       "            Date Close/Last     Volume      Open      High        Low\n",
       "0     06/09/2021    $127.13   56877940   $127.21   $127.75    $126.52\n",
       "1     06/08/2021    $126.74   74403770    $126.6   $128.46  $126.2101\n",
       "2     06/07/2021     $125.9   71057550   $126.17   $126.32  $124.8321\n",
       "3     06/04/2021    $125.89   75169340   $124.07   $126.16    $123.85\n",
       "4     06/03/2021    $123.54   76229170   $124.68   $124.85    $123.13\n",
       "...          ...        ...        ...       ...       ...        ...\n",
       "2511  06/16/2011   $11.6129  507299317   $11.675  $11.7386   $11.3689\n",
       "2512  06/15/2011   $11.6696  395841722  $11.7768  $11.7964   $11.6029\n",
       "2513  06/14/2011   $11.8729  333995906  $11.7857  $11.9018   $11.7611\n",
       "2514  06/13/2011   $11.6643  329376468  $11.6857  $11.7254   $11.6096\n",
       "2515  06/10/2011   $11.6393  433801306  $11.8054   $11.845   $11.6254\n",
       "\n",
       "[2516 rows x 6 columns]"
      ]
     },
     "execution_count": 4,
     "metadata": {},
     "output_type": "execute_result"
    }
   ],
   "source": [
    "df"
   ]
  },
  {
   "cell_type": "code",
   "execution_count": 5,
   "id": "c188b148",
   "metadata": {},
   "outputs": [
    {
     "data": {
      "text/plain": [
       "(2516, 6)"
      ]
     },
     "execution_count": 5,
     "metadata": {},
     "output_type": "execute_result"
    }
   ],
   "source": [
    "df.shape"
   ]
  },
  {
   "cell_type": "code",
   "execution_count": 6,
   "id": "a5426c38",
   "metadata": {},
   "outputs": [
    {
     "data": {
      "text/plain": [
       "Date          object\n",
       "Close/Last    object\n",
       "Volume         int64\n",
       "Open          object\n",
       "High          object\n",
       "Low           object\n",
       "dtype: object"
      ]
     },
     "execution_count": 6,
     "metadata": {},
     "output_type": "execute_result"
    }
   ],
   "source": [
    "df.dtypes"
   ]
  },
  {
   "cell_type": "code",
   "execution_count": 7,
   "id": "aa178c15",
   "metadata": {},
   "outputs": [
    {
     "name": "stdout",
     "output_type": "stream",
     "text": [
      "<class 'pandas.core.frame.DataFrame'>\n",
      "RangeIndex: 2516 entries, 0 to 2515\n",
      "Data columns (total 6 columns):\n",
      " #   Column      Non-Null Count  Dtype \n",
      "---  ------      --------------  ----- \n",
      " 0   Date        2516 non-null   object\n",
      " 1   Close/Last  2516 non-null   object\n",
      " 2   Volume      2516 non-null   int64 \n",
      " 3   Open        2516 non-null   object\n",
      " 4   High        2516 non-null   object\n",
      " 5   Low         2516 non-null   object\n",
      "dtypes: int64(1), object(5)\n",
      "memory usage: 118.1+ KB\n"
     ]
    }
   ],
   "source": [
    "df.info()"
   ]
  },
  {
   "cell_type": "code",
   "execution_count": 8,
   "id": "1c2e940c",
   "metadata": {},
   "outputs": [
    {
     "name": "stdout",
     "output_type": "stream",
     "text": [
      "           Date Close/Last     Volume      Open      High        Low\n",
      "0    2021-06-09    $127.13   56877940   $127.21   $127.75    $126.52\n",
      "1    2021-06-08    $126.74   74403770    $126.6   $128.46  $126.2101\n",
      "2    2021-06-07     $125.9   71057550   $126.17   $126.32  $124.8321\n",
      "3    2021-06-04    $125.89   75169340   $124.07   $126.16    $123.85\n",
      "4    2021-06-03    $123.54   76229170   $124.68   $124.85    $123.13\n",
      "...         ...        ...        ...       ...       ...        ...\n",
      "2511 2011-06-16   $11.6129  507299317   $11.675  $11.7386   $11.3689\n",
      "2512 2011-06-15   $11.6696  395841722  $11.7768  $11.7964   $11.6029\n",
      "2513 2011-06-14   $11.8729  333995906  $11.7857  $11.9018   $11.7611\n",
      "2514 2011-06-13   $11.6643  329376468  $11.6857  $11.7254   $11.6096\n",
      "2515 2011-06-10   $11.6393  433801306  $11.8054   $11.845   $11.6254\n",
      "\n",
      "[2516 rows x 6 columns]\n"
     ]
    }
   ],
   "source": [
    "df['Date'] = pd.to_datetime(df.Date)\n",
    "print(df)"
   ]
  },
  {
   "cell_type": "code",
   "execution_count": 9,
   "id": "86884573",
   "metadata": {},
   "outputs": [
    {
     "name": "stdout",
     "output_type": "stream",
     "text": [
      "2516 2516 2516 2516\n"
     ]
    },
    {
     "data": {
      "text/html": [
       "<div>\n",
       "<style scoped>\n",
       "    .dataframe tbody tr th:only-of-type {\n",
       "        vertical-align: middle;\n",
       "    }\n",
       "\n",
       "    .dataframe tbody tr th {\n",
       "        vertical-align: top;\n",
       "    }\n",
       "\n",
       "    .dataframe thead th {\n",
       "        text-align: right;\n",
       "    }\n",
       "</style>\n",
       "<table border=\"1\" class=\"dataframe\">\n",
       "  <thead>\n",
       "    <tr style=\"text-align: right;\">\n",
       "      <th></th>\n",
       "      <th>Date</th>\n",
       "      <th>Close/Last</th>\n",
       "      <th>Volume</th>\n",
       "      <th>Open</th>\n",
       "      <th>High</th>\n",
       "      <th>Low</th>\n",
       "    </tr>\n",
       "  </thead>\n",
       "  <tbody>\n",
       "    <tr>\n",
       "      <th>0</th>\n",
       "      <td>2021-06-09</td>\n",
       "      <td>127.1300</td>\n",
       "      <td>56877940</td>\n",
       "      <td>127.2100</td>\n",
       "      <td>127.7500</td>\n",
       "      <td>126.5200</td>\n",
       "    </tr>\n",
       "    <tr>\n",
       "      <th>1</th>\n",
       "      <td>2021-06-08</td>\n",
       "      <td>126.7400</td>\n",
       "      <td>74403770</td>\n",
       "      <td>126.6000</td>\n",
       "      <td>128.4600</td>\n",
       "      <td>126.2101</td>\n",
       "    </tr>\n",
       "    <tr>\n",
       "      <th>2</th>\n",
       "      <td>2021-06-07</td>\n",
       "      <td>125.9000</td>\n",
       "      <td>71057550</td>\n",
       "      <td>126.1700</td>\n",
       "      <td>126.3200</td>\n",
       "      <td>124.8321</td>\n",
       "    </tr>\n",
       "    <tr>\n",
       "      <th>3</th>\n",
       "      <td>2021-06-04</td>\n",
       "      <td>125.8900</td>\n",
       "      <td>75169340</td>\n",
       "      <td>124.0700</td>\n",
       "      <td>126.1600</td>\n",
       "      <td>123.8500</td>\n",
       "    </tr>\n",
       "    <tr>\n",
       "      <th>4</th>\n",
       "      <td>2021-06-03</td>\n",
       "      <td>123.5400</td>\n",
       "      <td>76229170</td>\n",
       "      <td>124.6800</td>\n",
       "      <td>124.8500</td>\n",
       "      <td>123.1300</td>\n",
       "    </tr>\n",
       "    <tr>\n",
       "      <th>...</th>\n",
       "      <td>...</td>\n",
       "      <td>...</td>\n",
       "      <td>...</td>\n",
       "      <td>...</td>\n",
       "      <td>...</td>\n",
       "      <td>...</td>\n",
       "    </tr>\n",
       "    <tr>\n",
       "      <th>2511</th>\n",
       "      <td>2011-06-16</td>\n",
       "      <td>11.6129</td>\n",
       "      <td>507299317</td>\n",
       "      <td>11.6750</td>\n",
       "      <td>11.7386</td>\n",
       "      <td>11.3689</td>\n",
       "    </tr>\n",
       "    <tr>\n",
       "      <th>2512</th>\n",
       "      <td>2011-06-15</td>\n",
       "      <td>11.6696</td>\n",
       "      <td>395841722</td>\n",
       "      <td>11.7768</td>\n",
       "      <td>11.7964</td>\n",
       "      <td>11.6029</td>\n",
       "    </tr>\n",
       "    <tr>\n",
       "      <th>2513</th>\n",
       "      <td>2011-06-14</td>\n",
       "      <td>11.8729</td>\n",
       "      <td>333995906</td>\n",
       "      <td>11.7857</td>\n",
       "      <td>11.9018</td>\n",
       "      <td>11.7611</td>\n",
       "    </tr>\n",
       "    <tr>\n",
       "      <th>2514</th>\n",
       "      <td>2011-06-13</td>\n",
       "      <td>11.6643</td>\n",
       "      <td>329376468</td>\n",
       "      <td>11.6857</td>\n",
       "      <td>11.7254</td>\n",
       "      <td>11.6096</td>\n",
       "    </tr>\n",
       "    <tr>\n",
       "      <th>2515</th>\n",
       "      <td>2011-06-10</td>\n",
       "      <td>11.6393</td>\n",
       "      <td>433801306</td>\n",
       "      <td>11.8054</td>\n",
       "      <td>11.8450</td>\n",
       "      <td>11.6254</td>\n",
       "    </tr>\n",
       "  </tbody>\n",
       "</table>\n",
       "<p>2516 rows × 6 columns</p>\n",
       "</div>"
      ],
      "text/plain": [
       "           Date  Close/Last     Volume      Open      High       Low\n",
       "0    2021-06-09    127.1300   56877940  127.2100  127.7500  126.5200\n",
       "1    2021-06-08    126.7400   74403770  126.6000  128.4600  126.2101\n",
       "2    2021-06-07    125.9000   71057550  126.1700  126.3200  124.8321\n",
       "3    2021-06-04    125.8900   75169340  124.0700  126.1600  123.8500\n",
       "4    2021-06-03    123.5400   76229170  124.6800  124.8500  123.1300\n",
       "...         ...         ...        ...       ...       ...       ...\n",
       "2511 2011-06-16     11.6129  507299317   11.6750   11.7386   11.3689\n",
       "2512 2011-06-15     11.6696  395841722   11.7768   11.7964   11.6029\n",
       "2513 2011-06-14     11.8729  333995906   11.7857   11.9018   11.7611\n",
       "2514 2011-06-13     11.6643  329376468   11.6857   11.7254   11.6096\n",
       "2515 2011-06-10     11.6393  433801306   11.8054   11.8450   11.6254\n",
       "\n",
       "[2516 rows x 6 columns]"
      ]
     },
     "execution_count": 9,
     "metadata": {},
     "output_type": "execute_result"
    }
   ],
   "source": [
    "\n",
    "high = []\n",
    "low = []\n",
    "open1 = []\n",
    "close1 = []\n",
    "for i in df['Close/Last']:\n",
    "    value = Decimal(sub(r'[^\\d.]', '', i))\n",
    "    close1.append(float(value))\n",
    "for i in df['Open']:\n",
    "    value = Decimal(sub(r'[^\\d.]', '', i))\n",
    "    open1.append(float(value))\n",
    "for i in df['High']:\n",
    "    value = Decimal(sub(r'[^\\d.]', '', i))\n",
    "    high.append(float(value))\n",
    "for i in df['Low']:\n",
    "    value = Decimal(sub(r'[^\\d.]', '', i))\n",
    "    low.append(float(value))\n",
    "print(len(high), len(low), len(open1), len(close1))\n",
    "df['Close/Last']=close1\n",
    "df['High']=high\n",
    "df['Low']=low\n",
    "df['Open']=open1\n",
    "df"
   ]
  },
  {
   "cell_type": "code",
   "execution_count": 10,
   "id": "78a33d6e",
   "metadata": {},
   "outputs": [
    {
     "data": {
      "text/plain": [
       "Date          datetime64[ns]\n",
       "Close/Last           float64\n",
       "Volume                 int64\n",
       "Open                 float64\n",
       "High                 float64\n",
       "Low                  float64\n",
       "dtype: object"
      ]
     },
     "execution_count": 10,
     "metadata": {},
     "output_type": "execute_result"
    }
   ],
   "source": [
    "df.dtypes"
   ]
  },
  {
   "cell_type": "code",
   "execution_count": 11,
   "id": "2f8cb609",
   "metadata": {},
   "outputs": [
    {
     "data": {
      "text/html": [
       "<div>\n",
       "<style scoped>\n",
       "    .dataframe tbody tr th:only-of-type {\n",
       "        vertical-align: middle;\n",
       "    }\n",
       "\n",
       "    .dataframe tbody tr th {\n",
       "        vertical-align: top;\n",
       "    }\n",
       "\n",
       "    .dataframe thead th {\n",
       "        text-align: right;\n",
       "    }\n",
       "</style>\n",
       "<table border=\"1\" class=\"dataframe\">\n",
       "  <thead>\n",
       "    <tr style=\"text-align: right;\">\n",
       "      <th></th>\n",
       "      <th>Close/Last</th>\n",
       "      <th>Volume</th>\n",
       "      <th>Open</th>\n",
       "      <th>High</th>\n",
       "      <th>Low</th>\n",
       "    </tr>\n",
       "  </thead>\n",
       "  <tbody>\n",
       "    <tr>\n",
       "      <th>count</th>\n",
       "      <td>2516.000000</td>\n",
       "      <td>2.516000e+03</td>\n",
       "      <td>2516.000000</td>\n",
       "      <td>2516.000000</td>\n",
       "      <td>2516.000000</td>\n",
       "    </tr>\n",
       "    <tr>\n",
       "      <th>mean</th>\n",
       "      <td>41.277389</td>\n",
       "      <td>2.388826e+08</td>\n",
       "      <td>41.268871</td>\n",
       "      <td>41.698470</td>\n",
       "      <td>40.829849</td>\n",
       "    </tr>\n",
       "    <tr>\n",
       "      <th>std</th>\n",
       "      <td>30.304841</td>\n",
       "      <td>1.914594e+08</td>\n",
       "      <td>30.319067</td>\n",
       "      <td>30.698585</td>\n",
       "      <td>29.893474</td>\n",
       "    </tr>\n",
       "    <tr>\n",
       "      <th>min</th>\n",
       "      <td>11.261400</td>\n",
       "      <td>4.544820e+07</td>\n",
       "      <td>11.310000</td>\n",
       "      <td>11.346400</td>\n",
       "      <td>11.089300</td>\n",
       "    </tr>\n",
       "    <tr>\n",
       "      <th>25%</th>\n",
       "      <td>21.215550</td>\n",
       "      <td>1.092658e+08</td>\n",
       "      <td>21.244100</td>\n",
       "      <td>21.423600</td>\n",
       "      <td>20.992800</td>\n",
       "    </tr>\n",
       "    <tr>\n",
       "      <th>50%</th>\n",
       "      <td>29.592500</td>\n",
       "      <td>1.679334e+08</td>\n",
       "      <td>29.505000</td>\n",
       "      <td>29.810000</td>\n",
       "      <td>29.281250</td>\n",
       "    </tr>\n",
       "    <tr>\n",
       "      <th>75%</th>\n",
       "      <td>47.733750</td>\n",
       "      <td>3.022477e+08</td>\n",
       "      <td>47.770625</td>\n",
       "      <td>47.996250</td>\n",
       "      <td>47.371250</td>\n",
       "    </tr>\n",
       "    <tr>\n",
       "      <th>max</th>\n",
       "      <td>143.160000</td>\n",
       "      <td>1.498071e+09</td>\n",
       "      <td>143.600000</td>\n",
       "      <td>145.090000</td>\n",
       "      <td>141.370000</td>\n",
       "    </tr>\n",
       "  </tbody>\n",
       "</table>\n",
       "</div>"
      ],
      "text/plain": [
       "        Close/Last        Volume         Open         High          Low\n",
       "count  2516.000000  2.516000e+03  2516.000000  2516.000000  2516.000000\n",
       "mean     41.277389  2.388826e+08    41.268871    41.698470    40.829849\n",
       "std      30.304841  1.914594e+08    30.319067    30.698585    29.893474\n",
       "min      11.261400  4.544820e+07    11.310000    11.346400    11.089300\n",
       "25%      21.215550  1.092658e+08    21.244100    21.423600    20.992800\n",
       "50%      29.592500  1.679334e+08    29.505000    29.810000    29.281250\n",
       "75%      47.733750  3.022477e+08    47.770625    47.996250    47.371250\n",
       "max     143.160000  1.498071e+09   143.600000   145.090000   141.370000"
      ]
     },
     "execution_count": 11,
     "metadata": {},
     "output_type": "execute_result"
    }
   ],
   "source": [
    "df.describe()"
   ]
  },
  {
   "cell_type": "code",
   "execution_count": 12,
   "id": "c0b4fb38",
   "metadata": {},
   "outputs": [
    {
     "data": {
      "text/html": [
       "<div>\n",
       "<style scoped>\n",
       "    .dataframe tbody tr th:only-of-type {\n",
       "        vertical-align: middle;\n",
       "    }\n",
       "\n",
       "    .dataframe tbody tr th {\n",
       "        vertical-align: top;\n",
       "    }\n",
       "\n",
       "    .dataframe thead th {\n",
       "        text-align: right;\n",
       "    }\n",
       "</style>\n",
       "<table border=\"1\" class=\"dataframe\">\n",
       "  <thead>\n",
       "    <tr style=\"text-align: right;\">\n",
       "      <th></th>\n",
       "      <th>Close/Last</th>\n",
       "      <th>Volume</th>\n",
       "      <th>Open</th>\n",
       "      <th>High</th>\n",
       "      <th>Low</th>\n",
       "    </tr>\n",
       "  </thead>\n",
       "  <tbody>\n",
       "    <tr>\n",
       "      <th>Close/Last</th>\n",
       "      <td>1.000000</td>\n",
       "      <td>-0.429948</td>\n",
       "      <td>0.999656</td>\n",
       "      <td>0.999820</td>\n",
       "      <td>0.999823</td>\n",
       "    </tr>\n",
       "    <tr>\n",
       "      <th>Volume</th>\n",
       "      <td>-0.429948</td>\n",
       "      <td>1.000000</td>\n",
       "      <td>-0.428714</td>\n",
       "      <td>-0.426292</td>\n",
       "      <td>-0.432983</td>\n",
       "    </tr>\n",
       "    <tr>\n",
       "      <th>Open</th>\n",
       "      <td>0.999656</td>\n",
       "      <td>-0.428714</td>\n",
       "      <td>1.000000</td>\n",
       "      <td>0.999857</td>\n",
       "      <td>0.999795</td>\n",
       "    </tr>\n",
       "    <tr>\n",
       "      <th>High</th>\n",
       "      <td>0.999820</td>\n",
       "      <td>-0.426292</td>\n",
       "      <td>0.999857</td>\n",
       "      <td>1.000000</td>\n",
       "      <td>0.999746</td>\n",
       "    </tr>\n",
       "    <tr>\n",
       "      <th>Low</th>\n",
       "      <td>0.999823</td>\n",
       "      <td>-0.432983</td>\n",
       "      <td>0.999795</td>\n",
       "      <td>0.999746</td>\n",
       "      <td>1.000000</td>\n",
       "    </tr>\n",
       "  </tbody>\n",
       "</table>\n",
       "</div>"
      ],
      "text/plain": [
       "            Close/Last    Volume      Open      High       Low\n",
       "Close/Last    1.000000 -0.429948  0.999656  0.999820  0.999823\n",
       "Volume       -0.429948  1.000000 -0.428714 -0.426292 -0.432983\n",
       "Open          0.999656 -0.428714  1.000000  0.999857  0.999795\n",
       "High          0.999820 -0.426292  0.999857  1.000000  0.999746\n",
       "Low           0.999823 -0.432983  0.999795  0.999746  1.000000"
      ]
     },
     "execution_count": 12,
     "metadata": {},
     "output_type": "execute_result"
    }
   ],
   "source": [
    "corr=df.corr()\n",
    "corr"
   ]
  },
  {
   "cell_type": "code",
   "execution_count": 13,
   "id": "58026055",
   "metadata": {},
   "outputs": [],
   "source": [
    "df.set_index('Date',inplace=True)"
   ]
  },
  {
   "cell_type": "code",
   "execution_count": 14,
   "id": "80b689c6",
   "metadata": {},
   "outputs": [
    {
     "data": {
      "text/plain": [
       "<AxesSubplot:xlabel='Date'>"
      ]
     },
     "execution_count": 14,
     "metadata": {},
     "output_type": "execute_result"
    },
    {
     "data": {
